{
 "cells": [
  {
   "cell_type": "code",
   "execution_count": 1,
   "metadata": {},
   "outputs": [],
   "source": [
    "import pandas as pd\n",
    "import numpy as np\n",
    "import matplotlib.pyplot as plt\n",
    "%matplotlib inline"
   ]
  },
  {
   "cell_type": "code",
   "execution_count": 2,
   "metadata": {},
   "outputs": [],
   "source": [
    "boston=pd.read_csv('housing.csv')"
   ]
  },
  {
   "cell_type": "code",
   "execution_count": 3,
   "metadata": {},
   "outputs": [
    {
     "data": {
      "text/html": [
       "<div>\n",
       "<style scoped>\n",
       "    .dataframe tbody tr th:only-of-type {\n",
       "        vertical-align: middle;\n",
       "    }\n",
       "\n",
       "    .dataframe tbody tr th {\n",
       "        vertical-align: top;\n",
       "    }\n",
       "\n",
       "    .dataframe thead th {\n",
       "        text-align: right;\n",
       "    }\n",
       "</style>\n",
       "<table border=\"1\" class=\"dataframe\">\n",
       "  <thead>\n",
       "    <tr style=\"text-align: right;\">\n",
       "      <th></th>\n",
       "      <th>0.00632</th>\n",
       "      <th>18</th>\n",
       "      <th>2.31</th>\n",
       "      <th>0</th>\n",
       "      <th>0.538</th>\n",
       "      <th>6.575</th>\n",
       "      <th>65.2</th>\n",
       "      <th>4.09</th>\n",
       "      <th>1</th>\n",
       "      <th>296</th>\n",
       "      <th>15.3</th>\n",
       "      <th>396.9</th>\n",
       "      <th>4.98</th>\n",
       "      <th>24</th>\n",
       "    </tr>\n",
       "  </thead>\n",
       "  <tbody>\n",
       "    <tr>\n",
       "      <th>0</th>\n",
       "      <td>0.02731</td>\n",
       "      <td>0.0</td>\n",
       "      <td>7.07</td>\n",
       "      <td>0.0</td>\n",
       "      <td>0.469</td>\n",
       "      <td>6.421</td>\n",
       "      <td>78.9</td>\n",
       "      <td>4.9671</td>\n",
       "      <td>2</td>\n",
       "      <td>242.0</td>\n",
       "      <td>17.8</td>\n",
       "      <td>396.90</td>\n",
       "      <td>9.14</td>\n",
       "      <td>21.6</td>\n",
       "    </tr>\n",
       "    <tr>\n",
       "      <th>1</th>\n",
       "      <td>0.02729</td>\n",
       "      <td>0.0</td>\n",
       "      <td>7.07</td>\n",
       "      <td>0.0</td>\n",
       "      <td>0.469</td>\n",
       "      <td>7.185</td>\n",
       "      <td>61.1</td>\n",
       "      <td>4.9671</td>\n",
       "      <td>2</td>\n",
       "      <td>242.0</td>\n",
       "      <td>17.8</td>\n",
       "      <td>392.83</td>\n",
       "      <td>4.03</td>\n",
       "      <td>34.7</td>\n",
       "    </tr>\n",
       "  </tbody>\n",
       "</table>\n",
       "</div>"
      ],
      "text/plain": [
       "   0.00632   18  2.31    0  0.538  6.575  65.2    4.09  1    296  15.3  \\\n",
       "0  0.02731  0.0  7.07  0.0  0.469  6.421  78.9  4.9671  2  242.0  17.8   \n",
       "1  0.02729  0.0  7.07  0.0  0.469  7.185  61.1  4.9671  2  242.0  17.8   \n",
       "\n",
       "    396.9  4.98    24  \n",
       "0  396.90  9.14  21.6  \n",
       "1  392.83  4.03  34.7  "
      ]
     },
     "execution_count": 3,
     "metadata": {},
     "output_type": "execute_result"
    }
   ],
   "source": [
    "boston.head(2)"
   ]
  },
  {
   "cell_type": "markdown",
   "metadata": {},
   "source": [
    "CRIM per capita crime rate by town\n",
    "ZN proportion of residential land zoned for lots over 25,000 sq.ft.\n",
    "INDUS proportion of non-retail business acres per town\n",
    "CHAS Charles River dummy variable (= 1 if tract bounds river; 0 otherwise)\n",
    "NOX nitric oxides concentration (parts per 10 million)\n",
    "RM average number of rooms per dwelling\n",
    "AGE proportion of owner-occupied units built prior to 1940\n",
    "DIS weighted distances to five Boston employment centres\n",
    "RAD index of accessibility to radial highways\n",
    "TAX full-value property-tax rate per 10,000usd\n",
    "PTRATIO pupil-teacher ratio by town\n",
    "B 1000(Bk - 0.63)^2 where Bk is the proportion of blacks by town\n",
    "LSTAT % lower status of the population"
   ]
  },
  {
   "cell_type": "markdown",
   "metadata": {},
   "source": []
  },
  {
   "cell_type": "code",
   "execution_count": 4,
   "metadata": {},
   "outputs": [],
   "source": [
    "features=['CRIM','ZN','INDUS','CHAS','NOX','RM','AGE','DIS','RAD','TAX','PTRATIO','B','LSTAT','PRICE']"
   ]
  },
  {
   "cell_type": "code",
   "execution_count": 5,
   "metadata": {},
   "outputs": [],
   "source": [
    "boston.columns=features"
   ]
  },
  {
   "cell_type": "code",
   "execution_count": 6,
   "metadata": {},
   "outputs": [
    {
     "data": {
      "text/html": [
       "<div>\n",
       "<style scoped>\n",
       "    .dataframe tbody tr th:only-of-type {\n",
       "        vertical-align: middle;\n",
       "    }\n",
       "\n",
       "    .dataframe tbody tr th {\n",
       "        vertical-align: top;\n",
       "    }\n",
       "\n",
       "    .dataframe thead th {\n",
       "        text-align: right;\n",
       "    }\n",
       "</style>\n",
       "<table border=\"1\" class=\"dataframe\">\n",
       "  <thead>\n",
       "    <tr style=\"text-align: right;\">\n",
       "      <th></th>\n",
       "      <th>CRIM</th>\n",
       "      <th>ZN</th>\n",
       "      <th>INDUS</th>\n",
       "      <th>CHAS</th>\n",
       "      <th>NOX</th>\n",
       "      <th>RM</th>\n",
       "      <th>AGE</th>\n",
       "      <th>DIS</th>\n",
       "      <th>RAD</th>\n",
       "      <th>TAX</th>\n",
       "      <th>PTRATIO</th>\n",
       "      <th>B</th>\n",
       "      <th>LSTAT</th>\n",
       "      <th>PRICE</th>\n",
       "    </tr>\n",
       "  </thead>\n",
       "  <tbody>\n",
       "    <tr>\n",
       "      <th>0</th>\n",
       "      <td>0.02731</td>\n",
       "      <td>0.0</td>\n",
       "      <td>7.07</td>\n",
       "      <td>0.0</td>\n",
       "      <td>0.469</td>\n",
       "      <td>6.421</td>\n",
       "      <td>78.9</td>\n",
       "      <td>4.9671</td>\n",
       "      <td>2</td>\n",
       "      <td>242.0</td>\n",
       "      <td>17.8</td>\n",
       "      <td>396.90</td>\n",
       "      <td>9.14</td>\n",
       "      <td>21.6</td>\n",
       "    </tr>\n",
       "    <tr>\n",
       "      <th>1</th>\n",
       "      <td>0.02729</td>\n",
       "      <td>0.0</td>\n",
       "      <td>7.07</td>\n",
       "      <td>0.0</td>\n",
       "      <td>0.469</td>\n",
       "      <td>7.185</td>\n",
       "      <td>61.1</td>\n",
       "      <td>4.9671</td>\n",
       "      <td>2</td>\n",
       "      <td>242.0</td>\n",
       "      <td>17.8</td>\n",
       "      <td>392.83</td>\n",
       "      <td>4.03</td>\n",
       "      <td>34.7</td>\n",
       "    </tr>\n",
       "    <tr>\n",
       "      <th>2</th>\n",
       "      <td>0.03237</td>\n",
       "      <td>0.0</td>\n",
       "      <td>2.18</td>\n",
       "      <td>0.0</td>\n",
       "      <td>0.458</td>\n",
       "      <td>6.998</td>\n",
       "      <td>45.8</td>\n",
       "      <td>6.0622</td>\n",
       "      <td>3</td>\n",
       "      <td>222.0</td>\n",
       "      <td>18.7</td>\n",
       "      <td>394.63</td>\n",
       "      <td>2.94</td>\n",
       "      <td>33.4</td>\n",
       "    </tr>\n",
       "    <tr>\n",
       "      <th>3</th>\n",
       "      <td>0.06905</td>\n",
       "      <td>0.0</td>\n",
       "      <td>2.18</td>\n",
       "      <td>0.0</td>\n",
       "      <td>0.458</td>\n",
       "      <td>7.147</td>\n",
       "      <td>54.2</td>\n",
       "      <td>6.0622</td>\n",
       "      <td>3</td>\n",
       "      <td>222.0</td>\n",
       "      <td>18.7</td>\n",
       "      <td>396.90</td>\n",
       "      <td>5.33</td>\n",
       "      <td>36.2</td>\n",
       "    </tr>\n",
       "    <tr>\n",
       "      <th>4</th>\n",
       "      <td>0.02985</td>\n",
       "      <td>0.0</td>\n",
       "      <td>2.18</td>\n",
       "      <td>0.0</td>\n",
       "      <td>0.458</td>\n",
       "      <td>6.430</td>\n",
       "      <td>58.7</td>\n",
       "      <td>6.0622</td>\n",
       "      <td>3</td>\n",
       "      <td>222.0</td>\n",
       "      <td>18.7</td>\n",
       "      <td>394.12</td>\n",
       "      <td>5.21</td>\n",
       "      <td>28.7</td>\n",
       "    </tr>\n",
       "  </tbody>\n",
       "</table>\n",
       "</div>"
      ],
      "text/plain": [
       "      CRIM   ZN  INDUS  CHAS    NOX     RM   AGE     DIS  RAD    TAX  PTRATIO  \\\n",
       "0  0.02731  0.0   7.07   0.0  0.469  6.421  78.9  4.9671    2  242.0     17.8   \n",
       "1  0.02729  0.0   7.07   0.0  0.469  7.185  61.1  4.9671    2  242.0     17.8   \n",
       "2  0.03237  0.0   2.18   0.0  0.458  6.998  45.8  6.0622    3  222.0     18.7   \n",
       "3  0.06905  0.0   2.18   0.0  0.458  7.147  54.2  6.0622    3  222.0     18.7   \n",
       "4  0.02985  0.0   2.18   0.0  0.458  6.430  58.7  6.0622    3  222.0     18.7   \n",
       "\n",
       "        B  LSTAT  PRICE  \n",
       "0  396.90   9.14   21.6  \n",
       "1  392.83   4.03   34.7  \n",
       "2  394.63   2.94   33.4  \n",
       "3  396.90   5.33   36.2  \n",
       "4  394.12   5.21   28.7  "
      ]
     },
     "execution_count": 6,
     "metadata": {},
     "output_type": "execute_result"
    }
   ],
   "source": [
    "boston.head()"
   ]
  },
  {
   "cell_type": "code",
   "execution_count": 9,
   "metadata": {},
   "outputs": [
    {
     "data": {
      "text/plain": [
       "CRIM       float64\n",
       "ZN         float64\n",
       "INDUS      float64\n",
       "CHAS       float64\n",
       "NOX        float64\n",
       "RM         float64\n",
       "AGE        float64\n",
       "DIS        float64\n",
       "RAD          int64\n",
       "TAX        float64\n",
       "PTRATIO    float64\n",
       "B          float64\n",
       "LSTAT      float64\n",
       "PRICE      float64\n",
       "dtype: object"
      ]
     },
     "execution_count": 9,
     "metadata": {},
     "output_type": "execute_result"
    }
   ],
   "source": [
    "boston.dtypes"
   ]
  },
  {
   "cell_type": "code",
   "execution_count": 7,
   "metadata": {},
   "outputs": [],
   "source": [
    "boston['RAD']=boston['RAD'].astype('float')"
   ]
  },
  {
   "cell_type": "code",
   "execution_count": 8,
   "metadata": {},
   "outputs": [
    {
     "data": {
      "text/plain": [
       "CRIM       float64\n",
       "ZN         float64\n",
       "INDUS      float64\n",
       "CHAS       float64\n",
       "NOX        float64\n",
       "RM         float64\n",
       "AGE        float64\n",
       "DIS        float64\n",
       "RAD        float64\n",
       "TAX        float64\n",
       "PTRATIO    float64\n",
       "B          float64\n",
       "LSTAT      float64\n",
       "PRICE      float64\n",
       "dtype: object"
      ]
     },
     "execution_count": 8,
     "metadata": {},
     "output_type": "execute_result"
    }
   ],
   "source": [
    "boston.dtypes"
   ]
  },
  {
   "cell_type": "code",
   "execution_count": 9,
   "metadata": {},
   "outputs": [
    {
     "data": {
      "text/plain": [
       "CRIM       451\n",
       "ZN          26\n",
       "INDUS       76\n",
       "CHAS        16\n",
       "NOX        132\n",
       "RM         436\n",
       "AGE        399\n",
       "DIS        360\n",
       "RAD         10\n",
       "TAX         67\n",
       "PTRATIO     85\n",
       "B          374\n",
       "LSTAT      444\n",
       "PRICE      210\n",
       "dtype: int64"
      ]
     },
     "execution_count": 9,
     "metadata": {},
     "output_type": "execute_result"
    }
   ],
   "source": [
    "boston.nunique()"
   ]
  },
  {
   "cell_type": "code",
   "execution_count": 10,
   "metadata": {},
   "outputs": [
    {
     "data": {
      "text/plain": [
       "CRIM        0\n",
       "ZN          0\n",
       "INDUS       0\n",
       "CHAS        0\n",
       "NOX         0\n",
       "RM          0\n",
       "AGE         0\n",
       "DIS         0\n",
       "RAD         0\n",
       "TAX         0\n",
       "PTRATIO     0\n",
       "B           0\n",
       "LSTAT       0\n",
       "PRICE      54\n",
       "dtype: int64"
      ]
     },
     "execution_count": 10,
     "metadata": {},
     "output_type": "execute_result"
    }
   ],
   "source": [
    "# check for missing values\n",
    "boston.isnull().sum()"
   ]
  },
  {
   "cell_type": "code",
   "execution_count": 11,
   "metadata": {},
   "outputs": [
    {
     "name": "stdout",
     "output_type": "stream",
     "text": [
      "0      21.6\n",
      "1      34.7\n",
      "2      33.4\n",
      "3      36.2\n",
      "4      28.7\n",
      "       ... \n",
      "500    22.4\n",
      "501    20.6\n",
      "502    23.9\n",
      "503    22.0\n",
      "504    11.9\n",
      "Name: PRICE, Length: 505, dtype: float64\n"
     ]
    }
   ],
   "source": [
    "print(boston['PRICE'])"
   ]
  },
  {
   "cell_type": "code",
   "execution_count": 12,
   "metadata": {},
   "outputs": [],
   "source": [
    "x=boston['PRICE'].mean()"
   ]
  },
  {
   "cell_type": "code",
   "execution_count": 13,
   "metadata": {},
   "outputs": [
    {
     "data": {
      "text/plain": [
       "23.74988913525499"
      ]
     },
     "execution_count": 13,
     "metadata": {},
     "output_type": "execute_result"
    }
   ],
   "source": [
    "x"
   ]
  },
  {
   "cell_type": "code",
   "execution_count": 14,
   "metadata": {},
   "outputs": [],
   "source": [
    "boston['PRICE']=boston['PRICE'].fillna(x)"
   ]
  },
  {
   "cell_type": "code",
   "execution_count": 15,
   "metadata": {},
   "outputs": [
    {
     "data": {
      "text/plain": [
       "CRIM       0\n",
       "ZN         0\n",
       "INDUS      0\n",
       "CHAS       0\n",
       "NOX        0\n",
       "RM         0\n",
       "AGE        0\n",
       "DIS        0\n",
       "RAD        0\n",
       "TAX        0\n",
       "PTRATIO    0\n",
       "B          0\n",
       "LSTAT      0\n",
       "PRICE      0\n",
       "dtype: int64"
      ]
     },
     "execution_count": 15,
     "metadata": {},
     "output_type": "execute_result"
    }
   ],
   "source": [
    "boston.isnull().sum()"
   ]
  },
  {
   "cell_type": "code",
   "execution_count": 16,
   "metadata": {},
   "outputs": [
    {
     "data": {
      "text/plain": [
       "0"
      ]
     },
     "execution_count": 16,
     "metadata": {},
     "output_type": "execute_result"
    }
   ],
   "source": [
    "boston.duplicated().sum()"
   ]
  },
  {
   "cell_type": "code",
   "execution_count": 17,
   "metadata": {},
   "outputs": [
    {
     "data": {
      "text/html": [
       "<div>\n",
       "<style scoped>\n",
       "    .dataframe tbody tr th:only-of-type {\n",
       "        vertical-align: middle;\n",
       "    }\n",
       "\n",
       "    .dataframe tbody tr th {\n",
       "        vertical-align: top;\n",
       "    }\n",
       "\n",
       "    .dataframe thead th {\n",
       "        text-align: right;\n",
       "    }\n",
       "</style>\n",
       "<table border=\"1\" class=\"dataframe\">\n",
       "  <thead>\n",
       "    <tr style=\"text-align: right;\">\n",
       "      <th></th>\n",
       "      <th>CRIM</th>\n",
       "      <th>ZN</th>\n",
       "      <th>INDUS</th>\n",
       "      <th>CHAS</th>\n",
       "      <th>NOX</th>\n",
       "      <th>RM</th>\n",
       "      <th>AGE</th>\n",
       "      <th>DIS</th>\n",
       "      <th>RAD</th>\n",
       "      <th>TAX</th>\n",
       "      <th>PTRATIO</th>\n",
       "      <th>B</th>\n",
       "      <th>LSTAT</th>\n",
       "      <th>PRICE</th>\n",
       "    </tr>\n",
       "  </thead>\n",
       "  <tbody>\n",
       "    <tr>\n",
       "      <th>count</th>\n",
       "      <td>505.000000</td>\n",
       "      <td>505.000000</td>\n",
       "      <td>505.000000</td>\n",
       "      <td>505.000000</td>\n",
       "      <td>505.000000</td>\n",
       "      <td>505.000000</td>\n",
       "      <td>505.000000</td>\n",
       "      <td>505.000000</td>\n",
       "      <td>505.000000</td>\n",
       "      <td>505.000000</td>\n",
       "      <td>505.000000</td>\n",
       "      <td>505.000000</td>\n",
       "      <td>505.000000</td>\n",
       "      <td>505.000000</td>\n",
       "    </tr>\n",
       "    <tr>\n",
       "      <th>mean</th>\n",
       "      <td>1.271696</td>\n",
       "      <td>13.285941</td>\n",
       "      <td>9.218812</td>\n",
       "      <td>0.141044</td>\n",
       "      <td>1.102290</td>\n",
       "      <td>15.697830</td>\n",
       "      <td>58.731877</td>\n",
       "      <td>6.177433</td>\n",
       "      <td>78.215842</td>\n",
       "      <td>339.403564</td>\n",
       "      <td>42.669069</td>\n",
       "      <td>332.664158</td>\n",
       "      <td>11.550792</td>\n",
       "      <td>23.749889</td>\n",
       "    </tr>\n",
       "    <tr>\n",
       "      <th>std</th>\n",
       "      <td>2.400926</td>\n",
       "      <td>23.070598</td>\n",
       "      <td>7.170151</td>\n",
       "      <td>0.313012</td>\n",
       "      <td>1.648432</td>\n",
       "      <td>27.244172</td>\n",
       "      <td>33.135624</td>\n",
       "      <td>6.482191</td>\n",
       "      <td>203.715008</td>\n",
       "      <td>180.838910</td>\n",
       "      <td>87.663630</td>\n",
       "      <td>125.414151</td>\n",
       "      <td>6.063900</td>\n",
       "      <td>8.332582</td>\n",
       "    </tr>\n",
       "    <tr>\n",
       "      <th>min</th>\n",
       "      <td>0.000000</td>\n",
       "      <td>0.000000</td>\n",
       "      <td>0.000000</td>\n",
       "      <td>0.000000</td>\n",
       "      <td>0.385000</td>\n",
       "      <td>3.561000</td>\n",
       "      <td>1.137000</td>\n",
       "      <td>1.129600</td>\n",
       "      <td>1.000000</td>\n",
       "      <td>20.200000</td>\n",
       "      <td>2.600000</td>\n",
       "      <td>0.320000</td>\n",
       "      <td>1.730000</td>\n",
       "      <td>6.300000</td>\n",
       "    </tr>\n",
       "    <tr>\n",
       "      <th>25%</th>\n",
       "      <td>0.049810</td>\n",
       "      <td>0.000000</td>\n",
       "      <td>3.440000</td>\n",
       "      <td>0.000000</td>\n",
       "      <td>0.449000</td>\n",
       "      <td>5.961000</td>\n",
       "      <td>32.000000</td>\n",
       "      <td>2.429800</td>\n",
       "      <td>4.000000</td>\n",
       "      <td>254.000000</td>\n",
       "      <td>17.000000</td>\n",
       "      <td>364.610000</td>\n",
       "      <td>6.900000</td>\n",
       "      <td>19.000000</td>\n",
       "    </tr>\n",
       "    <tr>\n",
       "      <th>50%</th>\n",
       "      <td>0.144760</td>\n",
       "      <td>0.000000</td>\n",
       "      <td>6.960000</td>\n",
       "      <td>0.000000</td>\n",
       "      <td>0.538000</td>\n",
       "      <td>6.319000</td>\n",
       "      <td>65.300000</td>\n",
       "      <td>3.917500</td>\n",
       "      <td>5.000000</td>\n",
       "      <td>307.000000</td>\n",
       "      <td>18.900000</td>\n",
       "      <td>390.640000</td>\n",
       "      <td>10.400000</td>\n",
       "      <td>22.700000</td>\n",
       "    </tr>\n",
       "    <tr>\n",
       "      <th>75%</th>\n",
       "      <td>0.825260</td>\n",
       "      <td>18.100000</td>\n",
       "      <td>18.100000</td>\n",
       "      <td>0.000000</td>\n",
       "      <td>0.647000</td>\n",
       "      <td>6.951000</td>\n",
       "      <td>90.000000</td>\n",
       "      <td>6.336100</td>\n",
       "      <td>24.000000</td>\n",
       "      <td>403.000000</td>\n",
       "      <td>20.200000</td>\n",
       "      <td>395.600000</td>\n",
       "      <td>15.020000</td>\n",
       "      <td>25.000000</td>\n",
       "    </tr>\n",
       "    <tr>\n",
       "      <th>max</th>\n",
       "      <td>9.966540</td>\n",
       "      <td>100.000000</td>\n",
       "      <td>27.740000</td>\n",
       "      <td>1.000000</td>\n",
       "      <td>7.313000</td>\n",
       "      <td>100.000000</td>\n",
       "      <td>100.000000</td>\n",
       "      <td>24.000000</td>\n",
       "      <td>666.000000</td>\n",
       "      <td>711.000000</td>\n",
       "      <td>396.900000</td>\n",
       "      <td>396.900000</td>\n",
       "      <td>34.410000</td>\n",
       "      <td>50.000000</td>\n",
       "    </tr>\n",
       "  </tbody>\n",
       "</table>\n",
       "</div>"
      ],
      "text/plain": [
       "             CRIM          ZN       INDUS        CHAS         NOX          RM  \\\n",
       "count  505.000000  505.000000  505.000000  505.000000  505.000000  505.000000   \n",
       "mean     1.271696   13.285941    9.218812    0.141044    1.102290   15.697830   \n",
       "std      2.400926   23.070598    7.170151    0.313012    1.648432   27.244172   \n",
       "min      0.000000    0.000000    0.000000    0.000000    0.385000    3.561000   \n",
       "25%      0.049810    0.000000    3.440000    0.000000    0.449000    5.961000   \n",
       "50%      0.144760    0.000000    6.960000    0.000000    0.538000    6.319000   \n",
       "75%      0.825260   18.100000   18.100000    0.000000    0.647000    6.951000   \n",
       "max      9.966540  100.000000   27.740000    1.000000    7.313000  100.000000   \n",
       "\n",
       "              AGE         DIS         RAD         TAX     PTRATIO           B  \\\n",
       "count  505.000000  505.000000  505.000000  505.000000  505.000000  505.000000   \n",
       "mean    58.731877    6.177433   78.215842  339.403564   42.669069  332.664158   \n",
       "std     33.135624    6.482191  203.715008  180.838910   87.663630  125.414151   \n",
       "min      1.137000    1.129600    1.000000   20.200000    2.600000    0.320000   \n",
       "25%     32.000000    2.429800    4.000000  254.000000   17.000000  364.610000   \n",
       "50%     65.300000    3.917500    5.000000  307.000000   18.900000  390.640000   \n",
       "75%     90.000000    6.336100   24.000000  403.000000   20.200000  395.600000   \n",
       "max    100.000000   24.000000  666.000000  711.000000  396.900000  396.900000   \n",
       "\n",
       "            LSTAT       PRICE  \n",
       "count  505.000000  505.000000  \n",
       "mean    11.550792   23.749889  \n",
       "std      6.063900    8.332582  \n",
       "min      1.730000    6.300000  \n",
       "25%      6.900000   19.000000  \n",
       "50%     10.400000   22.700000  \n",
       "75%     15.020000   25.000000  \n",
       "max     34.410000   50.000000  "
      ]
     },
     "execution_count": 17,
     "metadata": {},
     "output_type": "execute_result"
    }
   ],
   "source": [
    "boston.describe()"
   ]
  },
  {
   "cell_type": "markdown",
   "metadata": {},
   "source": [
    "# EDA"
   ]
  },
  {
   "cell_type": "code",
   "execution_count": 18,
   "metadata": {},
   "outputs": [
    {
     "data": {
      "text/html": [
       "<div>\n",
       "<style scoped>\n",
       "    .dataframe tbody tr th:only-of-type {\n",
       "        vertical-align: middle;\n",
       "    }\n",
       "\n",
       "    .dataframe tbody tr th {\n",
       "        vertical-align: top;\n",
       "    }\n",
       "\n",
       "    .dataframe thead th {\n",
       "        text-align: right;\n",
       "    }\n",
       "</style>\n",
       "<table border=\"1\" class=\"dataframe\">\n",
       "  <thead>\n",
       "    <tr style=\"text-align: right;\">\n",
       "      <th></th>\n",
       "      <th>CRIM</th>\n",
       "      <th>ZN</th>\n",
       "      <th>INDUS</th>\n",
       "      <th>CHAS</th>\n",
       "      <th>NOX</th>\n",
       "      <th>RM</th>\n",
       "      <th>AGE</th>\n",
       "      <th>DIS</th>\n",
       "      <th>RAD</th>\n",
       "      <th>TAX</th>\n",
       "      <th>PTRATIO</th>\n",
       "      <th>B</th>\n",
       "      <th>LSTAT</th>\n",
       "      <th>PRICE</th>\n",
       "    </tr>\n",
       "  </thead>\n",
       "  <tbody>\n",
       "    <tr>\n",
       "      <th>CRIM</th>\n",
       "      <td>1.000000</td>\n",
       "      <td>-0.288847</td>\n",
       "      <td>0.586414</td>\n",
       "      <td>-0.068038</td>\n",
       "      <td>-0.139860</td>\n",
       "      <td>-0.185466</td>\n",
       "      <td>0.462818</td>\n",
       "      <td>-0.313297</td>\n",
       "      <td>-0.152455</td>\n",
       "      <td>0.754362</td>\n",
       "      <td>-0.140393</td>\n",
       "      <td>-0.052753</td>\n",
       "      <td>0.391658</td>\n",
       "      <td>-0.281452</td>\n",
       "    </tr>\n",
       "    <tr>\n",
       "      <th>ZN</th>\n",
       "      <td>-0.288847</td>\n",
       "      <td>1.000000</td>\n",
       "      <td>-0.491669</td>\n",
       "      <td>-0.005662</td>\n",
       "      <td>0.038595</td>\n",
       "      <td>0.078869</td>\n",
       "      <td>-0.488124</td>\n",
       "      <td>0.268486</td>\n",
       "      <td>0.062932</td>\n",
       "      <td>-0.256727</td>\n",
       "      <td>0.049625</td>\n",
       "      <td>0.015608</td>\n",
       "      <td>-0.390123</td>\n",
       "      <td>0.330707</td>\n",
       "    </tr>\n",
       "    <tr>\n",
       "      <th>INDUS</th>\n",
       "      <td>0.586414</td>\n",
       "      <td>-0.491669</td>\n",
       "      <td>1.000000</td>\n",
       "      <td>-0.186941</td>\n",
       "      <td>-0.395544</td>\n",
       "      <td>-0.449910</td>\n",
       "      <td>0.701741</td>\n",
       "      <td>-0.607206</td>\n",
       "      <td>-0.429011</td>\n",
       "      <td>0.749224</td>\n",
       "      <td>-0.352118</td>\n",
       "      <td>0.234723</td>\n",
       "      <td>0.464484</td>\n",
       "      <td>-0.369316</td>\n",
       "    </tr>\n",
       "    <tr>\n",
       "      <th>CHAS</th>\n",
       "      <td>-0.068038</td>\n",
       "      <td>-0.005662</td>\n",
       "      <td>-0.186941</td>\n",
       "      <td>1.000000</td>\n",
       "      <td>0.585123</td>\n",
       "      <td>0.585331</td>\n",
       "      <td>-0.269506</td>\n",
       "      <td>0.523643</td>\n",
       "      <td>0.587537</td>\n",
       "      <td>-0.347856</td>\n",
       "      <td>0.470732</td>\n",
       "      <td>-0.495728</td>\n",
       "      <td>0.010309</td>\n",
       "      <td>0.124876</td>\n",
       "    </tr>\n",
       "    <tr>\n",
       "      <th>NOX</th>\n",
       "      <td>-0.139860</td>\n",
       "      <td>0.038595</td>\n",
       "      <td>-0.395544</td>\n",
       "      <td>0.585123</td>\n",
       "      <td>1.000000</td>\n",
       "      <td>0.975762</td>\n",
       "      <td>-0.550017</td>\n",
       "      <td>0.923487</td>\n",
       "      <td>0.985955</td>\n",
       "      <td>-0.570607</td>\n",
       "      <td>0.775255</td>\n",
       "      <td>-0.856583</td>\n",
       "      <td>0.079055</td>\n",
       "      <td>-0.021735</td>\n",
       "    </tr>\n",
       "    <tr>\n",
       "      <th>RM</th>\n",
       "      <td>-0.185466</td>\n",
       "      <td>0.078869</td>\n",
       "      <td>-0.449910</td>\n",
       "      <td>0.585331</td>\n",
       "      <td>0.975762</td>\n",
       "      <td>1.000000</td>\n",
       "      <td>-0.595745</td>\n",
       "      <td>0.946935</td>\n",
       "      <td>0.992620</td>\n",
       "      <td>-0.611224</td>\n",
       "      <td>0.806483</td>\n",
       "      <td>-0.848264</td>\n",
       "      <td>0.028769</td>\n",
       "      <td>0.017137</td>\n",
       "    </tr>\n",
       "    <tr>\n",
       "      <th>AGE</th>\n",
       "      <td>0.462818</td>\n",
       "      <td>-0.488124</td>\n",
       "      <td>0.701741</td>\n",
       "      <td>-0.269506</td>\n",
       "      <td>-0.550017</td>\n",
       "      <td>-0.595745</td>\n",
       "      <td>1.000000</td>\n",
       "      <td>-0.744048</td>\n",
       "      <td>-0.585533</td>\n",
       "      <td>0.635850</td>\n",
       "      <td>-0.476991</td>\n",
       "      <td>0.417142</td>\n",
       "      <td>0.415270</td>\n",
       "      <td>-0.240806</td>\n",
       "    </tr>\n",
       "    <tr>\n",
       "      <th>DIS</th>\n",
       "      <td>-0.313297</td>\n",
       "      <td>0.268486</td>\n",
       "      <td>-0.607206</td>\n",
       "      <td>0.523643</td>\n",
       "      <td>0.923487</td>\n",
       "      <td>0.946935</td>\n",
       "      <td>-0.744048</td>\n",
       "      <td>1.000000</td>\n",
       "      <td>0.947597</td>\n",
       "      <td>-0.689487</td>\n",
       "      <td>0.766178</td>\n",
       "      <td>-0.778031</td>\n",
       "      <td>-0.081160</td>\n",
       "      <td>0.042343</td>\n",
       "    </tr>\n",
       "    <tr>\n",
       "      <th>RAD</th>\n",
       "      <td>-0.152455</td>\n",
       "      <td>0.062932</td>\n",
       "      <td>-0.429011</td>\n",
       "      <td>0.587537</td>\n",
       "      <td>0.985955</td>\n",
       "      <td>0.992620</td>\n",
       "      <td>-0.585533</td>\n",
       "      <td>0.947597</td>\n",
       "      <td>1.000000</td>\n",
       "      <td>-0.586837</td>\n",
       "      <td>0.805514</td>\n",
       "      <td>-0.861656</td>\n",
       "      <td>0.055445</td>\n",
       "      <td>-0.007631</td>\n",
       "    </tr>\n",
       "    <tr>\n",
       "      <th>TAX</th>\n",
       "      <td>0.754362</td>\n",
       "      <td>-0.256727</td>\n",
       "      <td>0.749224</td>\n",
       "      <td>-0.347856</td>\n",
       "      <td>-0.570607</td>\n",
       "      <td>-0.611224</td>\n",
       "      <td>0.635850</td>\n",
       "      <td>-0.689487</td>\n",
       "      <td>-0.586837</td>\n",
       "      <td>1.000000</td>\n",
       "      <td>-0.485389</td>\n",
       "      <td>0.373167</td>\n",
       "      <td>0.283861</td>\n",
       "      <td>-0.273782</td>\n",
       "    </tr>\n",
       "    <tr>\n",
       "      <th>PTRATIO</th>\n",
       "      <td>-0.140393</td>\n",
       "      <td>0.049625</td>\n",
       "      <td>-0.352118</td>\n",
       "      <td>0.470732</td>\n",
       "      <td>0.775255</td>\n",
       "      <td>0.806483</td>\n",
       "      <td>-0.476991</td>\n",
       "      <td>0.766178</td>\n",
       "      <td>0.805514</td>\n",
       "      <td>-0.485389</td>\n",
       "      <td>1.000000</td>\n",
       "      <td>-0.690175</td>\n",
       "      <td>0.048601</td>\n",
       "      <td>-0.010947</td>\n",
       "    </tr>\n",
       "    <tr>\n",
       "      <th>B</th>\n",
       "      <td>-0.052753</td>\n",
       "      <td>0.015608</td>\n",
       "      <td>0.234723</td>\n",
       "      <td>-0.495728</td>\n",
       "      <td>-0.856583</td>\n",
       "      <td>-0.848264</td>\n",
       "      <td>0.417142</td>\n",
       "      <td>-0.778031</td>\n",
       "      <td>-0.861656</td>\n",
       "      <td>0.373167</td>\n",
       "      <td>-0.690175</td>\n",
       "      <td>1.000000</td>\n",
       "      <td>-0.185186</td>\n",
       "      <td>0.136910</td>\n",
       "    </tr>\n",
       "    <tr>\n",
       "      <th>LSTAT</th>\n",
       "      <td>0.391658</td>\n",
       "      <td>-0.390123</td>\n",
       "      <td>0.464484</td>\n",
       "      <td>0.010309</td>\n",
       "      <td>0.079055</td>\n",
       "      <td>0.028769</td>\n",
       "      <td>0.415270</td>\n",
       "      <td>-0.081160</td>\n",
       "      <td>0.055445</td>\n",
       "      <td>0.283861</td>\n",
       "      <td>0.048601</td>\n",
       "      <td>-0.185186</td>\n",
       "      <td>1.000000</td>\n",
       "      <td>-0.678222</td>\n",
       "    </tr>\n",
       "    <tr>\n",
       "      <th>PRICE</th>\n",
       "      <td>-0.281452</td>\n",
       "      <td>0.330707</td>\n",
       "      <td>-0.369316</td>\n",
       "      <td>0.124876</td>\n",
       "      <td>-0.021735</td>\n",
       "      <td>0.017137</td>\n",
       "      <td>-0.240806</td>\n",
       "      <td>0.042343</td>\n",
       "      <td>-0.007631</td>\n",
       "      <td>-0.273782</td>\n",
       "      <td>-0.010947</td>\n",
       "      <td>0.136910</td>\n",
       "      <td>-0.678222</td>\n",
       "      <td>1.000000</td>\n",
       "    </tr>\n",
       "  </tbody>\n",
       "</table>\n",
       "</div>"
      ],
      "text/plain": [
       "             CRIM        ZN     INDUS      CHAS       NOX        RM       AGE  \\\n",
       "CRIM     1.000000 -0.288847  0.586414 -0.068038 -0.139860 -0.185466  0.462818   \n",
       "ZN      -0.288847  1.000000 -0.491669 -0.005662  0.038595  0.078869 -0.488124   \n",
       "INDUS    0.586414 -0.491669  1.000000 -0.186941 -0.395544 -0.449910  0.701741   \n",
       "CHAS    -0.068038 -0.005662 -0.186941  1.000000  0.585123  0.585331 -0.269506   \n",
       "NOX     -0.139860  0.038595 -0.395544  0.585123  1.000000  0.975762 -0.550017   \n",
       "RM      -0.185466  0.078869 -0.449910  0.585331  0.975762  1.000000 -0.595745   \n",
       "AGE      0.462818 -0.488124  0.701741 -0.269506 -0.550017 -0.595745  1.000000   \n",
       "DIS     -0.313297  0.268486 -0.607206  0.523643  0.923487  0.946935 -0.744048   \n",
       "RAD     -0.152455  0.062932 -0.429011  0.587537  0.985955  0.992620 -0.585533   \n",
       "TAX      0.754362 -0.256727  0.749224 -0.347856 -0.570607 -0.611224  0.635850   \n",
       "PTRATIO -0.140393  0.049625 -0.352118  0.470732  0.775255  0.806483 -0.476991   \n",
       "B       -0.052753  0.015608  0.234723 -0.495728 -0.856583 -0.848264  0.417142   \n",
       "LSTAT    0.391658 -0.390123  0.464484  0.010309  0.079055  0.028769  0.415270   \n",
       "PRICE   -0.281452  0.330707 -0.369316  0.124876 -0.021735  0.017137 -0.240806   \n",
       "\n",
       "              DIS       RAD       TAX   PTRATIO         B     LSTAT     PRICE  \n",
       "CRIM    -0.313297 -0.152455  0.754362 -0.140393 -0.052753  0.391658 -0.281452  \n",
       "ZN       0.268486  0.062932 -0.256727  0.049625  0.015608 -0.390123  0.330707  \n",
       "INDUS   -0.607206 -0.429011  0.749224 -0.352118  0.234723  0.464484 -0.369316  \n",
       "CHAS     0.523643  0.587537 -0.347856  0.470732 -0.495728  0.010309  0.124876  \n",
       "NOX      0.923487  0.985955 -0.570607  0.775255 -0.856583  0.079055 -0.021735  \n",
       "RM       0.946935  0.992620 -0.611224  0.806483 -0.848264  0.028769  0.017137  \n",
       "AGE     -0.744048 -0.585533  0.635850 -0.476991  0.417142  0.415270 -0.240806  \n",
       "DIS      1.000000  0.947597 -0.689487  0.766178 -0.778031 -0.081160  0.042343  \n",
       "RAD      0.947597  1.000000 -0.586837  0.805514 -0.861656  0.055445 -0.007631  \n",
       "TAX     -0.689487 -0.586837  1.000000 -0.485389  0.373167  0.283861 -0.273782  \n",
       "PTRATIO  0.766178  0.805514 -0.485389  1.000000 -0.690175  0.048601 -0.010947  \n",
       "B       -0.778031 -0.861656  0.373167 -0.690175  1.000000 -0.185186  0.136910  \n",
       "LSTAT   -0.081160  0.055445  0.283861  0.048601 -0.185186  1.000000 -0.678222  \n",
       "PRICE    0.042343 -0.007631 -0.273782 -0.010947  0.136910 -0.678222  1.000000  "
      ]
     },
     "execution_count": 18,
     "metadata": {},
     "output_type": "execute_result"
    }
   ],
   "source": [
    "# correlation in regreesion type of problem ( To check for multi colinearity- relation bet independent features)\n",
    "boston.corr()"
   ]
  },
  {
   "cell_type": "code",
   "execution_count": 19,
   "metadata": {},
   "outputs": [],
   "source": [
    "import seaborn as sns\n",
    "#sns.pairplot(boston)"
   ]
  },
  {
   "cell_type": "code",
   "execution_count": 20,
   "metadata": {},
   "outputs": [
    {
     "data": {
      "text/plain": [
       "<matplotlib.collections.PathCollection at 0x1bd94cb2cc0>"
      ]
     },
     "execution_count": 20,
     "metadata": {},
     "output_type": "execute_result"
    },
    {
     "data": {
